15 0.615234375 0.5390625 0.623046875 0.5390625 0.65234375 0.552734375 0.65625 0.552734375 0.6640625 0.55859375 0.669921875 0.55859375 0.67578125 0.5625 0.6796875 0.5625 0.69921875 0.57421875 0.705078125 0.57421875 0.71484375 0.580078125 0.71875 0.580078125 0.7265625 0.5859375 0.73046875 0.5859375 0.740234375 0.591796875 0.744140625 0.591796875 0.748046875 0.595703125 0.751953125 0.595703125 0.765625 0.603515625 0.783203125 0.609375 0.791015625 0.615234375 0.818359375 0.625 0.837890625 0.63671875 0.84375 0.63671875 0.849609375 0.640625 0.859375 0.642578125 0.869140625 0.6484375 0.873046875 0.6484375 0.87890625 0.654296875 0.884765625 0.654296875 0.89453125 0.66015625 0.8984375 0.66015625 0.9453125 0.6875 0.998046875 0.70703125 0.998046875 0.732421875 0.990234375 0.732421875 0.978515625 0.724609375 0.96875 0.724609375 0.95703125 0.720703125 0.939453125 0.70703125 0.9296875 0.703125 0.91796875 0.69140625 0.9140625 0.69140625 0.896484375 0.681640625 0.88671875 0.6796875 0.841796875 0.65234375 0.82421875 0.646484375 0.81640625 0.640625 0.8125 0.640625 0.806640625 0.634765625 0.787109375 0.62890625 0.783203125 0.625 0.767578125 0.619140625 0.759765625 0.61328125 0.755859375 0.61328125 0.7421875 0.603515625 0.73046875 0.599609375 0.720703125 0.591796875 0.69921875 0.583984375 0.662109375 0.5625 0.642578125 0.556640625 0.634765625 0.55078125 0.62890625 0.55078125 0.623046875 0.544921875 0.615234375 0.54296875 0.615234375 0.541015625
15 0.287109375 0.583984375 0.29296875 0.5859375 0.302734375 0.595703125 0.3046875 0.609375 0.298828125 0.619140625 0.2890625 0.623046875 0.283203125 0.62890625 0.27734375 0.62890625 0.23828125 0.6484375 0.234375 0.65234375 0.228515625 0.65234375 0.21875 0.658203125 0.20703125 0.66015625 0.1953125 0.669921875 0.181640625 0.671875 0.177734375 0.67578125 0.162109375 0.681640625 0.140625 0.69921875 0.1328125 0.703125 0.126953125 0.703125 0.12109375 0.708984375 0.1171875 0.708984375 0.11328125 0.712890625 0.1015625 0.716796875 0.08203125 0.73046875 0.0703125 0.734375 0.044921875 0.748046875 0.0390625 0.748046875 0.03515625 0.751953125 0 0.767578125 0 0.75 0.01171875 0.74609375 0.03125 0.734375 0.037109375 0.734375 0.056640625 0.7265625 0.130859375 0.677734375 0.146484375 0.671875 0.162109375 0.662109375 0.171875 0.66015625 0.181640625 0.654296875 0.1875 0.654296875 0.197265625 0.6484375 0.203125 0.6484375 0.224609375 0.63671875 0.23046875 0.63671875 0.25390625 0.625 0.259765625 0.625 0.265625 0.62109375 0.271484375 0.62109375 0.279296875 0.6171875 0.29296875 0.603515625 0.287109375 0.5859375
8 0.55859375 0.5078125 0.564453125 0.505859375 0.5859375 0.5078125 0.591796875 0.51171875 0.595703125 0.5234375 0.59375 0.533203125 0.5859375 0.533203125 0.583984375 0.53125 0.5546875 0.533203125 0.552734375 0.529296875 0.552734375 0.515625 0.55859375 0.509765625
8 0.44140625 0.505859375 0.470703125 0.505859375 0.474609375 0.515625 0.47265625 0.51953125 0.47265625 0.53125 0.458984375 0.529296875 0.45703125 0.52734375 0.439453125 0.52734375 0.44140625 0.5078125
8 0.2578125 0.49609375 0.263671875 0.494140625 0.30078125 0.494140625 0.302734375 0.49609375 0.3125 0.49609375 0.318359375 0.498046875 0.3359375 0.51171875 0.3828125 0.521484375 0.388671875 0.52734375 0.390625 0.533203125 0.38671875 0.55078125 0.376953125 0.55078125 0.373046875 0.5546875 0.3671875 0.5546875 0.365234375 0.54296875 0.361328125 0.537109375 0.361328125 0.533203125 0.357421875 0.529296875 0.294921875 0.515625 0.291015625 0.51171875 0.263671875 0.50390625 0.2578125 0.498046875
8 0.068359375 0.515625 0.0703125 0.51953125 0.0703125 0.525390625 0.068359375 0.52734375 0.068359375 0.55078125 0.078125 0.55859375 0.08984375 0.560546875 0.08984375 0.564453125 0.064453125 0.564453125 0.060546875 0.560546875 0.0390625 0.560546875 0.03515625 0.556640625 0.03515625 0.541015625 0.0390625 0.53125 0.04296875 0.52734375 0.04296875 0.5234375 0.052734375 0.515625 0.060546875 0.515625 0.0625 0.513671875 0.06640625 0.515625
8 0.294921875 0.521484375 0.314453125 0.529296875 0.33984375 0.529296875 0.341796875 0.53125 0.34765625 0.53125 0.359375 0.54296875 0.36328125 0.552734375 0.36328125 0.55859375 0.359375 0.564453125 0.353515625 0.56640625 0.3125 0.5703125 0.310546875 0.572265625 0.302734375 0.572265625 0.29296875 0.578125 0.26953125 0.578125 0.25390625 0.572265625 0.251953125 0.568359375 0.251953125 0.5625 0.255859375 0.552734375 0.26953125 0.5390625 0.263671875 0.5234375 0.267578125 0.521484375 0.271484375 0.5234375 0.29296875 0.521484375
8 0.2578125 0.51171875 0.283203125 0.51171875 0.287109375 0.515625 0.29296875 0.515625 0.296875 0.51953125 0.3046875 0.5234375 0.310546875 0.5234375 0.31640625 0.52734375 0.3203125 0.525390625 0.326171875 0.529296875 0.349609375 0.529296875 0.359375 0.537109375 0.359375 0.541015625 0.36328125 0.546875 0.36328125 0.55859375 0.357421875 0.564453125 0.34375 0.56640625 0.341796875 0.568359375 0.310546875 0.5703125 0.291015625 0.578125 0.271484375 0.578125 0.25390625 0.572265625 0.25 0.568359375 0.25 0.5625 0.25390625 0.55859375 0.2578125 0.548828125 0.26953125 0.5390625 0.26953125 0.53515625 0.255859375 0.517578125 0.2578125 0.513671875
8 0.5625 0.515625 0.0322265625 0.0302734375
8 0.3203125 0.498046875 0.322265625 0.49609375 0.3359375 0.49609375 0.337890625 0.498046875 0.341796875 0.49609375 0.34375 0.498046875 0.375 0.5 0.396484375 0.51171875 0.4140625 0.51171875 0.421875 0.515625 0.43359375 0.517578125 0.4375 0.5234375 0.4375 0.529296875 0.43359375 0.533203125 0.42578125 0.533203125 0.421875 0.5390625 0.416015625 0.541015625 0.400390625 0.541015625 0.396484375 0.5390625 0.39453125 0.529296875 0.388671875 0.521484375 0.373046875 0.515625 0.361328125 0.515625 0.3515625 0.51171875 0.341796875 0.51171875 0.322265625 0.5
8 0.525390625 0.521484375 0.525390625 0.51171875 0.529296875 0.505859375 0.546875 0.505859375 0.548828125 0.5078125 0.548828125 0.515625 0.544921875 0.521484375 0.52734375 0.521484375
29 0.673333333984375 0.529800833984375 0.6194444453125 0.535833333984375 0.99777777734375 0.7315275 0.998888888671875 0.623161666015625 0.673333333984375 0.529800833984375