26 0.23828125 0.177734375 0.240234375 0.181640625 0.23828125 0.208984375 0.2421875 0.212890625 0.255859375 0.212890625 0.259765625 0.216796875 0.251953125 0.2265625 0.2578125 0.232421875 0.2578125 0.23828125 0.255859375 0.240234375 0.25 0.240234375 0.23828125 0.248046875 0.228515625 0.248046875 0.2265625 0.25 0.220703125 0.25 0.21875 0.248046875 0.21875 0.21484375 0.216796875 0.212890625 0.216796875 0.201171875 0.21875 0.19921875 0.21875 0.1875 0.220703125 0.185546875 0.21875 0.18359375 0.21875 0.177734375 0.220703125 0.17578125 0.236328125 0.177734375
26 0.8359375 0.265625 0.833984375 0.271484375 0.828125 0.271484375 0.826171875 0.26953125 0.828125 0.265625 0.833984375 0.265625
7 0.806640625 0.306640625 0.806640625 0.296875 0.810546875 0.29296875 0.82421875 0.29296875 0.826171875 0.298828125 0.82421875 0.30078125 0.82421875 0.306640625 0.8203125 0.30859375 0.80859375 0.306640625
7 0.8984375 0.37109375 0.8984375 0.322265625 0.91015625 0.318359375 0.912109375 0.318359375 0.91015625 0.37109375 0.904296875 0.373046875 0.900390625 0.37109375
7 0.853515625 0.2890625 0.857421875 0.291015625 0.857421875 0.30078125 0.85546875 0.302734375 0.849609375 0.302734375 0.845703125 0.306640625 0.82421875 0.306640625 0.82421875 0.30078125 0.826171875 0.294921875 0.83203125 0.291015625 0.8515625 0.2890625
7 0.8203125 0.3125 0.83984375 0.30859375 0.849609375 0.302734375 0.85546875 0.302734375 0.857421875 0.3046875 0.857421875 0.318359375 0.861328125 0.322265625 0.861328125 0.330078125 0.849609375 0.3359375 0.84375 0.353515625 0.822265625 0.353515625 0.8125 0.333984375 0.8125 0.330078125 0.8203125 0.322265625 0.8203125 0.314453125
7 0.85546875 0.306640625 0.85546875 0.318359375 0.857421875 0.3203125 0.8515625 0.326171875 0.845703125 0.328125 0.845703125 0.34765625 0.841796875 0.353515625 0.822265625 0.353515625 0.8125 0.333984375 0.8125 0.330078125 0.818359375 0.326171875 0.822265625 0.3125 0.826171875 0.310546875 0.8515625 0.310546875 0.853515625 0.30859375
7 0.021484375 0.306640625 0.0234375 0.30859375 0.04296875 0.30859375 0.052734375 0.314453125 0.056640625 0.3203125 0.07421875 0.32421875 0.07421875 0.330078125 0.080078125 0.3359375 0.080078125 0.341796875 0.072265625 0.345703125 0.06640625 0.345703125 0.056640625 0.353515625 0.037109375 0.3515625 0.029296875 0.35546875 0.015625 0.35546875 0 0.34765625 0 0.30859375 0.0078125 0.30859375 0.009765625 0.306640625 0.015625 0.30859375 0.01953125 0.306640625
7 0.474609375 0.31640625 0.474609375 0.359375 0.443359375 0.359375 0.43359375 0.365234375 0.408203125 0.365234375 0.400390625 0.359375 0.39453125 0.361328125 0.384765625 0.357421875 0.3828125 0.35546875 0.3828125 0.34765625 0.38671875 0.33984375 0.39453125 0.3359375 0.404296875 0.3359375 0.4140625 0.33203125 0.44140625 0.328125 0.4453125 0.32421875 0.451171875 0.32421875 0.466796875 0.31640625 0.47265625 0.31640625
7 0.810546875 0.28515625 0.814453125 0.2890625 0.8046875 0.296875 0.798828125 0.296875 0.794921875 0.30078125 0.79296875 0.30859375 0.783203125 0.314453125 0.76953125 0.310546875 0.767578125 0.3046875 0.76953125 0.296875 0.783203125 0.28515625 0.80859375 0.28515625
7 0.208984375 0.306640625 0.2109375 0.30859375 0.216796875 0.30859375 0.216796875 0.322265625 0.220703125 0.3359375 0.216796875 0.34375 0.21875 0.34765625 0.216796875 0.3515625 0.2109375 0.34765625 0.201171875 0.34765625 0.19921875 0.345703125 0.197265625 0.34765625 0.162109375 0.34765625 0.154296875 0.3515625 0.150390625 0.349609375 0.150390625 0.31640625 0.171875 0.30859375 0.20703125 0.306640625