19 0.693359375 0.544921875 0.6953125 0.546875 0.724609375 0.546875 0.7265625 0.548828125 0.736328125 0.546875 0.73828125 0.548828125 0.833984375 0.55078125 0.8359375 0.5546875 0.8359375 0.6171875 0.837890625 0.619140625 0.8359375 0.6484375 0.837890625 0.650390625 0.837890625 0.666015625 0.8359375 0.66796875 0.8359375 0.783203125 0.833984375 0.78515625 0.8359375 0.8203125 0.833984375 0.822265625 0.833984375 0.875 0.818359375 0.875 0.81640625 0.876953125 0.796875 0.875 0.791015625 0.876953125 0.7890625 0.875 0.7734375 0.875 0.771484375 0.873046875 0.748046875 0.87109375 0.73828125 0.857421875 0.720703125 0.853515625 0.71484375 0.84765625 0.7109375 0.849609375 0.70703125 0.84765625 0.703125 0.8515625 0.697265625 0.845703125 0.689453125 0.845703125 0.6875 0.84375 0.67578125 0.845703125 0.67578125 0.833984375 0.6796875 0.8203125 0.6796875 0.796875 0.689453125 0.7890625 0.689453125 0.76953125 0.6875 0.767578125 0.6875 0.748046875 0.685546875 0.74609375 0.68359375 0.728515625 0.6796875 0.724609375 0.67578125 0.724609375 0.67578125 0.7109375 0.673828125 0.708984375 0.673828125 0.66015625 0.671875 0.658203125 0.673828125 0.65625 0.673828125 0.634765625 0.671875 0.6328125 0.671875 0.62109375 0.673828125 0.619140625 0.671875 0.6171875 0.671875 0.60546875 0.673828125 0.603515625 0.671875 0.599609375 0.673828125 0.595703125 0.671875 0.59375 0.671875 0.576171875 0.673828125 0.57421875 0.673828125 0.564453125 0.671875 0.560546875 0.67578125 0.546875 0.69140625 0.546875
35 0.255859375 0.580078125 0.265625 0.580078125 0.267578125 0.58203125 0.267578125 0.6171875 0.263671875 0.62890625 0.259765625 0.62890625 0.255859375 0.625 0.255859375 0.58203125
35 0.154296875 0.484375 0.162109375 0.484375 0.162109375 0.52734375 0.158203125 0.529296875 0.154296875 0.52734375 0.154296875 0.521484375 0.15234375 0.51953125 0.15234375 0.513671875 0.154296875 0.51171875 0.154296875 0.486328125
8 0.146484375 0.685546875 0.150390625 0.697265625 0.150390625 0.7109375 0.1328125 0.708984375 0.1328125 0.6875 0.134765625 0.685546875 0.14453125 0.685546875
8 0.107421875 0.68359375 0.111328125 0.685546875 0.1171875 0.705078125 0.1171875 0.712890625 0.11328125 0.716796875 0.11328125 0.720703125 0.10546875 0.71484375 0.09765625 0.71484375 0.09765625 0.701171875 0.091796875 0.689453125 0.091796875 0.685546875 0.095703125 0.68359375 0.10546875 0.68359375
8 0.11328125 0.681640625 0.1171875 0.681640625 0.12109375 0.685546875 0.126953125 0.69921875 0.125 0.71484375 0.123046875 0.716796875 0.119140625 0.71484375 0.115234375 0.69140625 0.111328125 0.685546875 0.11328125 0.68359375
8 0.0625 0.685546875 0.068359375 0.685546875 0.07421875 0.681640625 0.08984375 0.68359375 0.095703125 0.69921875 0.095703125 0.71484375 0.09765625 0.716796875 0.095703125 0.724609375 0.091796875 0.724609375 0.0859375 0.720703125 0.072265625 0.720703125 0.064453125 0.7265625 0.060546875 0.72265625 0.0625 0.6875
8 0.2265625 0.685546875 0.232421875 0.685546875 0.234375 0.69140625 0.234375 0.697265625 0.228515625 0.69921875 0.224609375 0.693359375 0.2265625 0.6875
8 0.21875 0.703125 0.220703125 0.697265625 0.224609375 0.6953125 0.2265625 0.69921875 0.224609375 0.720703125 0.220703125 0.71875 0.220703125 0.705078125
8 0.04296875 0.685546875 0.05859375 0.685546875 0.05859375 0.708984375 0.056640625 0.7109375 0.056640625 0.716796875 0.052734375 0.71484375 0.04296875 0.720703125 0.037109375 0.720703125 0.03515625 0.71484375 0.03515625 0.701171875 0.0390625 0.697265625 0.0390625 0.693359375 0.04296875 0.6875
8 0.1328125 0.67578125 0.140625 0.6796875 0.140625 0.681640625 0.130859375 0.689453125 0.130859375 0.708984375 0.126953125 0.705078125 0.123046875 0.6875 0.115234375 0.681640625 0.12109375 0.67578125 0.130859375 0.67578125
8 0.015625 0.673828125 0.02734375 0.68359375 0.029296875 0.681640625 0.029296875 0.69140625 0.033203125 0.69921875 0.021484375 0.724609375 0.015625 0.724609375 0.013671875 0.720703125 0 0.720703125 0 0.6796875 0.013671875 0.673828125
8 0.341796875 0.705078125 0.361328125 0.705078125 0.365234375 0.708984375 0.365234375 0.771484375 0.36328125 0.7734375 0.365234375 0.779296875 0.36328125 0.78125 0.36328125 0.798828125 0.357421875 0.794921875 0.341796875 0.794921875 0.33984375 0.7890625 0.341796875 0.70703125
8 0.244140625 0.6943359375 0.0107421875 0.0146484375
15 0.384765625 0.765625 0.388671875 0.765625 0.40234375 0.779296875 0.40625 0.779296875 0.41015625 0.78515625 0.423828125 0.79296875 0.43359375 0.802734375 0.458984375 0.818359375 0.4609375 0.822265625 0.46484375 0.822265625 0.48046875 0.837890625 0.486328125 0.83984375 0.498046875 0.849609375 0.509765625 0.853515625 0.509765625 0.857421875 0.525390625 0.87109375 0.53515625 0.87109375 0.548828125 0.8828125 0.556640625 0.88671875 0.55859375 0.890625 0.5625 0.890625 0.57421875 0.90234375 0.578125 0.90234375 0.583984375 0.908203125 0.587890625 0.908203125 0.603515625 0.919921875 0.609375 0.927734375 0.61328125 0.927734375 0.615234375 0.931640625 0.640625 0.9453125 0.673828125 0.98046875 0.69140625 0.994140625 0.69140625 0.998046875 0.671875 0.998046875 0.65625 0.9921875 0.638671875 0.974609375 0.62109375 0.962890625 0.61328125 0.955078125 0.609375 0.955078125 0.599609375 0.94921875 0.578125 0.92578125 0.564453125 0.91796875 0.521484375 0.880859375 0.509765625 0.875 0.46875 0.84375 0.46484375 0.837890625 0.4375 0.8203125 0.427734375 0.810546875 0.42578125 0.8046875 0.419921875 0.80078125 0.4140625 0.80078125 0.40625 0.794921875 0.40234375 0.7890625 0.384765625 0.775390625 0.384765625 0.767578125
7 0.6748046875 0.6689453125 0.3974609375 0.5078125